3,2
3,1
3,3
10,185
10,297
10,117
10,83
10,79
10,203
10,261
10,1
10,169
10,2
10,3
11,13
11,11
11,9
11,29
11,23
11,1
11,5
11,2
11,3
9,5
9,1
9,7
9,2
9,3
8,10
8,14
8,18
8,5
8,11
8,1
8,4
8,2
8,3
12,2
12,1
12,3
20,2
20,1
20,3
19,2
19,1
19,3
51,3
51,2
18,1
51,1
51,0
50,5
50,4
50,3
18,3
50,2
14,1
50,1
50,0
48,3
14,3
48,2
13,1
48,1
48,0
47,3
13,3
47,2
47,1
47,0
46,4
46,3
46,2
46,1
46,0
45,4
45,3
45,2
45,1
45,0
43,4
43,3
43,2
43,1
43,0
41,4
41,3
2,2
41,2
2,1
41,1
41,0
2,3
39,4
39,3
39,2
39,1
39,0
37,3
37,2
37,1
37,0
0,472
